1 1 1 1 1 1 1 1 1 1 3 1 1 1 1 1 1 1 1 1 1 0 0 0 0 0 0 0 0 0 0 0 0 0 0 0 0 0 0 1 1 0 1 1 1 1 1 1 1 1 3 1 1 1 1 1 1 1 0 1 1 0 0 0 0 6 0 0 0 0 0 0 0 0 0 0 0 0 0 1 1 0 1 1 1 1 1 1 1 1 0 1 1 1 1 1 1 1 3 1 1 0 3 3 3 3 3 3 3 3 3 3 3 3 3 3 3 3 3 1 1 0 1 1 1 1 1 1 1 1 0 1 1 1 1 1 1 1 3 1 1 0 0 2 0 0 0 0 0 0 0 0 0 0 0 0 3 3 3 1 1 3 1 1 1 1 1 1 1 1 3 1 1 1 1 1 1 1 3 1 1 3 3 3 3 3 3 3 3 3 3 3 3 3 3 3 3 3 3 1 3 3 3 3 3 3 3 3 3 3 3 3 3 3 3 3 3 3 3 3 1 3 1 1 1 1 1 1 1 1 3 1 1 1 1 1 1 1 3 1 1 3 3 3 3 3 3 3 3 3 3 3 3 3 3 3 3 3 3 1 1 3 1 1 1 1 1 1 1 1 3 1 1 1 1 1 1 1 3 1 1 3 3 3 3 3 3 3 3 3 3 3 3 3 3 3 3 3 3 1 1 3 1 1 1 1 1 1 1 1 3 1 1 1 1 1 1 1 3 1 1 3 3 3 3 3 3 3 3 3 3 3 3 3 3 3 3 3 3 1 1 3 1 1 1 1 1 1 1 1 3 1 1 1 1 1 1 1 3 1 1 3 3 3 3 3 3 3 3 3 3 3 3 3 3 3 3 3 3 1 1 1 1 1 1 1 1 1 1 1 3 1 1 1 1 1 1 1 1 1 
2
0
96
224
1
1
4
291
1
128
576
1
1
32
448
0
3
2
0
855
3505
207
57
1
0
1
