1 1 1 1 1 1 1 1 1 1 3 1 1 1 1 1 1 1 1 1 1 0 0 0 0 0 0 0 0 0 0 3 3 3 3 3 3 3 3 1 1 3 1 1 1 1 1 1 1 1 0 1 1 1 1 1 1 1 3 1 1 2 0 0 0 3 0 0 0 0 0 3 3 3 3 3 3 3 3 1 1 3 1 1 1 1 1 1 1 1 3 1 1 1 1 1 1 1 3 1 1 3 3 3 3 3 3 3 3 3 3 3 3 3 3 3 3 3 3 1 1 3 1 1 1 1 1 1 1 1 3 1 1 1 1 1 1 1 3 1 1 3 3 3 3 3 3 3 3 3 3 3 3 3 3 3 3 3 3 1 1 3 1 1 1 1 1 1 1 1 3 1 1 1 1 1 1 1 3 1 1 3 3 3 3 3 3 3 3 3 3 3 3 3 3 3 3 3 3 1 3 3 3 3 3 3 3 3 3 3 3 3 3 3 3 3 3 3 3 3 1 3 1 1 1 1 1 1 1 1 3 1 1 1 1 1 1 1 3 1 1 3 3 3 3 3 3 3 3 3 3 3 3 3 3 3 3 3 3 1 1 3 1 1 1 1 1 1 1 1 3 1 1 1 1 1 1 1 3 1 1 3 3 3 3 3 3 3 3 3 3 3 3 3 3 3 3 3 3 1 1 3 1 1 1 1 1 1 1 1 3 1 1 1 1 1 1 1 3 1 1 3 3 3 3 3 3 3 3 3 3 3 3 3 3 3 3 3 3 1 1 3 1 1 1 1 1 1 1 1 3 1 1 1 1 1 1 1 3 1 1 3 3 3 3 3 3 3 3 3 3 3 3 3 3 3 3 3 3 1 1 1 1 1 1 1 1 1 1 1 3 1 1 1 1 1 1 1 1 1 
2
0
32
96
4
1
4
66
1
32
352
3
3
64
576
1
1
3
0
385
0
207
19
0
1
1
